h = 0.1
+-----+--------------------+--------------------+------------------------+--------------------+-----------------------+
|  t  |    Exact value     |       RKF45        |       RKF45 err        |   Euler's method   |  Euler's method err   |
+-----+--------------------+--------------------+------------------------+--------------------+-----------------------+
| 1.0 |        1.0         |        1.0         |          0.0           |        1.0         |          0.0          |
| 1.1 | 0.9090909090909091 | 0.9090909103954291 | 1.3045200475403362e-09 | 0.9099999999999999 | 0.0009090909090908594 |
| 1.2 | 0.8333333333333333 | 0.8333333410740418 | 7.740708518610973e-09  | 0.834709125442739  | 0.001375792109405749  |
| 1.3 | 0.769230769230769  | 0.7692307806021708 | 1.1371401709148188e-08 | 0.7708063655271175 | 0.0015755962963484027 |
| 1.4 | 0.7142857142857141 | 0.7142857277107874 | 1.3425073275286081e-08 | 0.7158987095779135 | 0.0016129952921993818 |
| 1.5 | 0.6666666666666665 | 0.6666666812064076 | 1.4539741077790325e-08 | 0.6682194413173079 | 0.0015527746506414086 |
| 1.6 | 0.6249999999999998 | 0.625000015068709  | 1.5068709169341332e-08 | 0.6264363458843467 | 0.0014363458843469346 |
| 1.7 | 0.5882352941176469 | 0.5882353093370457 | 1.5219398852295285e-08 | 0.5895260038964957 | 0.0012907097788488198 |
| 1.8 | 0.5555555555555554 | 0.5555555706758482 | 1.5120292795600676e-08 | 0.5566891641421717 | 0.0011336085866163748 |
| 1.9 | 0.526315789473684  | 0.5263158043286036 | 1.4854919627715901e-08 | 0.5272924120227146 | 0.0009766225490306368 |
| 2.0 | 0.4999999999999998 | 0.5000000144799004 | 1.4479900611874541e-08 | 0.5008271149717587 | 0.0008271149717589132 |
+-----+--------------------+--------------------+------------------------+--------------------+-----------------------+
RKF45 global err: 1.2312466568520364e-07
Euler global err: 0.01269065102828748



h = 0.05
+------+--------------------+--------------------+------------------------+--------------------+------------------------+
|  t   |    Exact value     |       RKF45        |       RKF45 err        |   Euler's method   |   Euler's method err   |
+------+--------------------+--------------------+------------------------+--------------------+------------------------+
| 1.0  |        1.0         |        1.0         |          0.0           |        1.0         |          0.0           |
| 1.05 | 0.9523809523809523 | 0.9523809523870962 | 6.143863195973154e-12  | 0.9524999999999999 | 0.00011904761904757422 |
| 1.1  | 0.9090909090909091 | 0.9090909092230726 | 1.3216350236433527e-10 | 0.909296988659755  | 0.00020607956884588496 |
| 1.15 | 0.8695652173913042 | 0.8695652176165504 | 2.2524615506114287e-10 | 0.8698335934108175 | 0.00026837601951323897 |
| 1.2  | 0.8333333333333333 | 0.8333333336279406 | 2.9460733852459953e-10 | 0.8336447823724864 | 0.00031144903915314437 |
| 1.25 | 0.7999999999999998 | 0.8000000003465777 | 3.4657787750802527e-10 | 0.8003395251113586 | 0.00033952511135881824 |
| 1.3  | 0.769230769230769  | 0.7692307696163557 | 3.8558667370125477e-10 | 0.7695866514474522 | 0.00035588221668314546 |
| 1.35 | 0.7407407407407406 | 0.740740741155527  | 4.147864274273161e-10  | 0.741103829604951  | 0.00036308886421043685 |
| 1.4  | 0.7142857142857141 | 0.7142857147221717 | 4.3645764780109175e-10 | 0.7146488902413343 | 0.00036317595562018745 |
| 1.45 | 0.6896551724137929 | 0.6896551728660681 | 4.522752172775313e-10  | 0.6900129343758823 | 0.0003577619620893646  |
| 1.5  | 0.6666666666666665 | 0.6666666671301543 | 4.634878036924306e-10  | 0.667014811881098  | 0.0003481452144314945  |
| 1.55 | 0.6451612903225804 | 0.6451612907936198 | 4.710394296836284e-10  | 0.645496663065251  | 0.00033537274267059214 |
| 1.6  | 0.6249999999999998 | 0.6250000004756532 | 4.756534055516681e-10  | 0.6253202922042894 | 0.00032029220428964056 |
| 1.65 | 0.6060606060606059 | 0.6060606065384977 | 4.778918372139174e-10  | 0.6063641975494692 | 0.00030359148886338616 |
| 1.7  | 0.5882352941176469 | 0.5882352945958439 | 4.781970375233868e-10  | 0.5885211233717113 | 0.00028582925406439585 |
| 1.75 | 0.5714285714285712 | 0.5714285719054926 | 4.769213912680925e-10  | 0.5716960301548928 | 0.00026745872632161216 |
| 1.8  | 0.5555555555555554 | 0.5555555560299045 | 4.743491155423385e-10  | 0.555804402009977  | 0.00024884645442169173 |
| 1.85 | 0.5405405405405403 | 0.5405405410112527 | 4.707123579805739e-10  | 0.5407708277886285 | 0.00023028724808815682 |
| 1.9  | 0.526315789473684  | 0.5263157899398864 | 4.662024100099416e-10  | 0.5265278056812706 | 0.00021201620758659612 |
| 1.95 | 0.5128205128205126 | 0.5128205132814911 | 4.6097858863447527e-10 | 0.5130147313358825 | 0.00019421851536993717 |
| 2.0  | 0.4999999999999998 | 0.5000000004551748 | 4.5517500879554973e-10 | 0.5001770374899122 | 0.00017703748991237944 |
+------+--------------------+--------------------+------------------------+--------------------+------------------------+
RKF45 global err: 7.864453088757273e-09
Euler global err: 0.005607481902541678



h = 0.025
+-------+--------------------+--------------------+------------------------+--------------------+------------------------+
|   t   |    Exact value     |       RKF45        |       RKF45 err        |   Euler's method   |   Euler's method err   |
+-------+--------------------+--------------------+------------------------+--------------------+------------------------+
|  1.0  |        1.0         |        1.0         |          0.0           |        1.0         |          0.0           |
| 1.025 | 0.9756097560975611 | 0.9756097561001285 | 2.5673907444456745e-12 | 0.9756250000000001 | 1.5243902439010526e-05 |
| 1.05  | 0.9523809523809526 | 0.9523809523857057 | 4.753197835327683e-12  | 0.9524092779850274 | 2.8325604074841415e-05 |
| 1.075 | 0.9302325581395351 | 0.9302325581461555 | 6.620370918142271e-12  | 0.9302720686218822 | 3.951048234707155e-05  |
|  1.1  | 0.9090909090909094 | 0.9090909090991295 | 8.220091274324659e-12  | 0.9091399372700221 | 4.902817911267565e-05  |
| 1.125 | 0.8888888888888893 | 0.8888888888984835 | 9.594214311903215e-12  | 0.8889459669973667 | 5.707810847743744e-05  |
| 1.15  | 0.8695652173913048 | 0.869565217402082  | 1.0777267966943782e-11 | 0.8696290514050327 | 6.383401372789255e-05  |
| 1.175 | 0.8510638297872345 | 0.8510638297990321 | 1.1797562926574301e-11 | 0.851133277540775  | 6.944775354045252e-05  |
|  1.2  | 0.8333333333333338 | 0.8333333333460126 | 1.2678746941219288e-11 | 0.8334073857939172 | 7.405246058334036e-05  |
| 1.225 | 0.8163265306122455 | 0.8163265306256858 | 1.3440359936112145e-11 | 0.8164042957990173 | 7.776518677182764e-05  |
| 1.25  | 0.8000000000000006 | 0.8000000000140997 | 1.409905525662225e-11  | 0.8000806891268541 | 8.068912685355034e-05  |
| 1.275 | 0.7843137254901967 | 0.7843137255048654 | 1.4668710690557418e-11 | 0.7843966409844187 | 8.291549422201339e-05  |
|  1.3  | 0.7692307692307698 | 0.7692307692459308 | 1.5160983579676213e-11 | 0.7693152943395679 | 8.452510879808361e-05  |
| 1.325 | 0.7547169811320761 | 0.7547169811476617 | 1.5585643886595335e-11 | 0.7548025708777133 | 8.558974563721566e-05  |
| 1.35  | 0.7407407407407415 | 0.7407407407566926 | 1.5951129306301937e-11 | 0.7408269140247415 |  8.61732840000684e-05  |
| 1.375 | 0.727272727272728  | 0.7272727272889928 | 1.6264878333061006e-11 | 0.7273590599621846 | 8.633268945668071e-05  |
|  1.4  | 0.714285714285715  | 0.7142857143022479 | 1.653288617120552e-11  | 0.7143718331415433 | 8.611885582832102e-05  |
| 1.425 | 0.701754385964913  | 0.7017543859816734 | 1.6760370868951213e-11 | 0.7018399632940179 | 8.557732910485782e-05  |
| 1.45  | 0.6896551724137938 | 0.6896551724307459 | 1.6952106385303978e-11 | 0.689739921345473  | 8.474893167920161e-05  |
| 1.475 | 0.677966101694916  | 0.6779661017120279 | 1.7111867478547538e-11 | 0.6780497719970693 | 8.367030215328253e-05  |
|  1.5  | 0.6666666666666674 | 0.6666666666839106 | 1.7243206862360694e-11 | 0.6667490410301061 | 8.237436343871973e-05  |
| 1.525 | 0.6557377049180336 | 0.6557377049353825 | 1.734890009430501e-11  | 0.6558185956478284 | 8.089072979478029e-05  |
| 1.55  | 0.6451612903225814 | 0.6451612903400133 | 1.743194477654697e-11  | 0.6452405363843203 | 7.924606173892457e-05  |
| 1.575 | 0.6349206349206358 | 0.6349206349381301 | 1.7494339310530904e-11 | 0.6349980992969769 |  7.7464376341152e-05   |
|  1.6  | 0.6250000000000009 | 0.6250000000175392 | 1.753830414230606e-11  | 0.6250755673192498 | 7.556731924895921e-05  |
| 1.625 | 0.6153846153846162 | 0.6153846154021818 | 1.756561562871184e-11  | 0.6154581897884177 | 7.357440380151292e-05  |
| 1.65  | 0.6060606060606069 | 0.6060606060781846 | 1.7577717059680253e-11 | 0.6061321092823904 | 7.150322178350876e-05  |
| 1.675 | 0.5970149253731352 | 0.5970149253907112 | 1.7576051725143316e-11 | 0.5970842950028189 | 6.936962968373539e-05  |
|  1.7  | 0.588235294117648  | 0.5882352941352099 | 1.7561951892730576e-11 | 0.5883024820313982 | 6.718791375026623e-05  |
| 1.725 | 0.5797101449275371 | 0.5797101449450738 | 1.7536638807769123e-11 | 0.5797751158641892 | 6.497093665203124e-05  |
| 1.75  | 0.5714285714285723 | 0.5714285714460734 | 1.7501111670981118e-11 | 0.5714913016967234 | 6.273026815106775e-05  |
| 1.775 | 0.5633802816901418 | 0.5633802817075978 | 1.7456036616181336e-11 | 0.5634407579919861 | 6.0476301844358815e-05 |
|  1.8  | 0.5555555555555565 | 0.555555555572959  | 1.7402523866394404e-11 | 0.5556137739153012 | 5.821835974473277e-05  |
| 1.825 | 0.5479452054794529 | 0.5479452054967942 | 1.7341239555435095e-11 | 0.5480011702656725 | 5.5964786219608875e-05 |
| 1.85  | 0.5405405405405415 | 0.5405405405578142 | 1.7272738794815723e-11 | 0.5405942635731401 | 5.372303259865152e-05  |
| 1.875 | 0.5333333333333342 | 0.533333333350532  | 1.7197798740653525e-11 | 0.5333848330669153 | 5.1499733581095164e-05 |
|  1.9  | 0.5263157894736851 | 0.526315789490802  | 1.7116974504460813e-11 | 0.5263650902501019 |  4.93007764168496e-05  |
| 1.925 | 0.5194805194805203 | 0.5194805194975511 |  1.70308211977499e-11  |  0.51952765084423  | 4.713136370970705e-05  |
| 1.95  | 0.5128205128205137 | 0.5128205128374533 | 1.6939671887428176e-11 | 0.5128655088910862 | 4.499607057251165e-05  |
| 1.975 | 0.5063291139240516 | 0.5063291139408955 | 1.6843970662705487e-11 | 0.5063720128208221 | 4.2898896770560135e-05 |
|  2.0  | 0.5000000000000009 | 0.5000000000167453 | 1.674438365739661e-11  | 0.5000408433144072 | 4.084331440634692e-05  |
+-------+--------------------+--------------------+------------------------+--------------------+------------------------+
RKF45 global err: 6.032587762661024e-10
Euler global err: 0.0026305584190569054



h = 0.0125
+--------+--------------------+---------------------+------------------------+--------------------+------------------------+
|   t    |    Exact value     |        RKF45        |       RKF45 err        |   Euler's method   |   Euler's method err   |
+--------+--------------------+---------------------+------------------------+--------------------+------------------------+
|  1.0   |        1.0         |         1.0         |          0.0           |        1.0         |          0.0           |
| 1.0125 | 0.9876543209876544 | 0.9876543209876937  | 3.930189507173054e-14  |     0.98765625     | 1.9290123456361385e-06 |
| 1.025  | 0.9756097560975611 | 0.9756097560976366  | 7.549516567451064e-14  | 0.975613473483317  | 3.7173857558858714e-06 |
| 1.0375 | 0.9638554216867471 |  0.963855421686856  | 1.0891287871572786e-13 | 0.9638607957949885 | 5.374108241418263e-06  |
|  1.05  | 0.9523809523809526 | 0.9523809523810923  | 1.397770788003072e-13  | 0.9523878599092439 | 6.907528291355547e-06  |
| 1.0625 | 0.9411764705882355 | 0.9411764705884038  | 1.6830981053317373e-13 | 0.9411847959957386 | 8.325407503062543e-06  |
| 1.075  | 0.9302325581395351 | 0.9302325581397298  | 1.9473311851925246e-13 | 0.9302421931078523 |  9.6349683171848e-06   |
| 1.0875 | 0.9195402298850577 |  0.919540229885277  | 2.1926904736346842e-13 | 0.919551072822419  | 1.084293736131059e-05  |
|  1.1   | 0.9090909090909094 | 0.9090909090911512  | 2.418065747633591e-13  | 0.9091028646757606 | 1.1955584851230938e-05 |
| 1.1125 | 0.8988764044943823 | 0.8988764044946451  | 2.6278978992877455e-13 | 0.8988893832548288 | 1.2978760446480386e-05 |
| 1.125  | 0.8888888888888893 | 0.8888888888891715  | 2.822186928597148e-13  | 0.8889028068148025 | 1.3917925913209395e-05 |
| 1.1375 | 0.8791208791208796 | 0.8791208791211799  | 3.0031532816110484e-13 | 0.879135657305791  | 1.4778184911468095e-05 |
|  1.15  | 0.8695652173913048 | 0.8695652173916218  | 3.170796958329447e-13  | 0.8695807817014899 | 1.5564310185123276e-05 |
| 1.1625 | 0.8602150537634413 | 0.8602150537637739  | 3.326228181776969e-13  | 0.8602313345318483 | 1.6280768406984336e-05 |
| 1.175  | 0.8510638297872345 | 0.8510638297875817  | 3.4716673980028645e-13 | 0.8510807615301379 | 1.693174290340327e-05  |
| 1.1875 | 0.8421052631578952 | 0.8421052631582558  | 3.6060043839825084e-13 | 0.8421227843123532 | 1.752115445796676e-05  |
|  1.2   | 0.8333333333333338 |  0.833333333333707  | 3.731459585765151e-13  | 0.8333513860137096 | 1.8052680375801877e-05 |
| 1.2125 | 0.8247422680412376 | 0.8247422680416224  | 3.8480330033507926e-13 | 0.8247607978132054 | 1.852977196781236e-05  |
| 1.225  | 0.8163265306122455 |  0.816326530612641  | 3.955724636739433e-13  | 0.8163454862828482 | 1.895567060272718e-05  |
| 1.2375 | 0.8080808080808086 | 0.8080808080812143  | 4.056754931980322e-13  | 0.8081001415032637 | 1.9333422455081184e-05 |
|  1.25  | 0.8000000000000006 | 0.8000000000004156  | 4.150013666048835e-13  | 0.8000196658920674 | 1.9665892066811352e-05 |
| 1.2625 | 0.7920792079207927 | 0.7920792079212163  | 4.2366110619695974e-13 | 0.7920991636956232 | 1.995577483049349e-05  |
| 1.275  | 0.7843137254901967 | 0.7843137254906284  | 4.3165471197426086e-13 | 0.7843339310986833 | 2.020560848658981e-05  |
| 1.2875 | 0.7766990291262142 | 0.7766990291266535  | 4.3920422854171193e-13 | 0.7767194469099375 | 2.0417783723303273e-05 |
|  1.3   | 0.7692307692307698 |  0.769230769231216  | 4.461986335968504e-13  | 0.7692513637847261 | 2.0594553956310158e-05 |
| 1.3125 | 0.7619047619047625 | 0.7619047619052152  | 4.526379271396763e-13  | 0.7619254999491207 | 2.0738044358203922e-05 |
| 1.325  | 0.7547169811320761 | 0.7547169811325347  | 4.586331314726522e-13  | 0.7547378313922796 | 2.085026020348657e-05  |
| 1.3375 | 0.7476635514018698 |  0.747663551402334  |  4.64184246595778e-13  | 0.7476844844964544 | 2.0933094584618672e-05 |
|  1.35  | 0.7407407407407415 | 0.7407407407412108  | 4.692912725090537e-13  | 0.7407617290762952 | 2.0988335553751014e-05 |
| 1.3625 | 0.7339449541284411 | 0.7339449541289151  | 4.740652315149418e-13  | 0.7339659718011782 | 2.1017672737100312e-05 |
| 1.375  | 0.727272727272728  | 0.7272727272732065  | 4.785061236134425e-13  | 0.7272937499761929 | 2.1022703464934622e-05 |
| 1.3875 | 0.7207207207207215 |  0.720720720721204  |  4.82502926502093e-13  | 0.7207417256591794 | 2.1004938457913624e-05 |
|  1.4   | 0.714285714285715  | 0.7142857142862014  | 4.863887070882811e-13  | 0.7143066800928198 | 2.096580710486684e-05  |
| 1.4125 | 0.7079646017699123 | 0.7079646017704021  | 4.898303984646191e-13  | 0.7079855084322769 | 2.090666236465033e-05  |
| 1.425  | 0.701754385964913  | 0.7017543859654061  |  4.93050045236032e-13  | 0.7017752147502366 | 2.082878532361221e-05  |
| 1.4375 | 0.6956521739130442 | 0.6956521739135402  | 4.959366251000574e-13  | 0.6956729073024776 | 2.073338943331393e-05  |
|  1.45  | 0.6896551724137938 | 0.6896551724142925  | 4.987121826616203e-13  |  0.68967579403825  |  2.06216244561519e-05  |
| 1.4625 | 0.6837606837606846 | 0.6837606837611856  | 5.010436510133331e-13  | 0.6837811783408242 | 2.049458013964056e-05  |
| 1.475  | 0.677966101694916  | 0.6779661016954193  | 5.032640970625835e-13  | 0.6779864549845587 | 2.035328964267169e-05  |
| 1.4875 | 0.672268907563026  | 0.6722689075635312  | 5.051514762044462e-13  | 0.6722891062957551 | 2.0198732729070912e-05 |
|  1.5   | 0.6666666666666674 | 0.6666666666671744  |  5.07038855346309e-13  | 0.666686698505418  | 2.0031838750544928e-05 |
| 1.5125 | 0.6611570247933892 | 0.6611570247938978  | 5.085931675807842e-13  | 0.6611768782828201 | 1.985348943089882e-05  |
| 1.525  | 0.6557377049180336 | 0.6557377049185437  | 5.100364575127969e-13  | 0.6557573694395035 |  1.96645214698421e-05  |
| 1.5375 | 0.6504065040650414 | 0.6504065040655528  | 5.113687251423471e-13  | 0.6504259697940188 | 1.9465728977374752e-05 |
|  1.55  | 0.6451612903225814 | 0.6451612903230939  | 5.124789481669723e-13  | 0.6451805481883331 | 1.925786575174282e-05  |
| 1.5625 | 0.6400000000000008 | 0.6400000000005142  | 5.133671265866724e-13  | 0.6400190416474144 | 1.9041647413620133e-05 |
| 1.575  | 0.6349206349206358 | 0.6349206349211499  |  5.1414428270391e-13   | 0.6349394526740416 | 1.881775340584202e-05  |
| 1.5875 | 0.6299212598425206 | 0.6299212598430354  | 5.148104165186851e-13  | 0.6299398466713892 | 1.8586828868683014e-05 |
|  1.6   | 0.6250000000000009 | 0.6250000000005163  | 5.153655280309977e-13  | 0.6250183494864002 | 1.834948639933831e-05  |
| 1.6125 | 0.6201550387596908 | 0.6201550387602066  | 5.158096172408477e-13  | 0.6201731450673953 | 1.810630770449073e-05  |
| 1.625  | 0.6153846153846162 | 0.6153846153851324  | 5.162537064506978e-13  | 0.6154024732297696 | 1.785784515340172e-05  |
| 1.6375 | 0.6106870229007642 | 0.6106870229012806  | 5.164757510556228e-13  | 0.6107046275240015 |  1.76046232372995e-05  |
|  1.65  | 0.6060606060606069 | 0.6060606060611234  | 5.165867733580853e-13  | 0.6060779532005509 | 1.7347139944057233e-05 |
| 1.6625 | 0.6015037593984971 | 0.6015037593990136  | 5.164757510556228e-13  | 0.6015208452665481 | 1.7085868051047726e-05 |
| 1.675  | 0.5970149253731352 | 0.5970149253736515  | 5.163647287531603e-13  | 0.5970317466294797 | 1.682125634450138e-05  |
| 1.6875 | 0.5925925925925934 | 0.5925925925931096  | 5.161426841482353e-13  | 0.5926091463233616 | 1.6553730768142927e-05 |
|  1.7   | 0.588235294117648  | 0.5882352941181638  | 5.158096172408477e-13  | 0.5882515778131556 | 1.6283695507657292e-05 |
| 1.7125 | 0.5839416058394169 | 0.5839416058399324  | 5.154765503334602e-13  | 0.5839576173734314 | 1.6011534014537254e-05 |
| 1.725  | 0.5797101449275371 | 0.5797101449280522  | 5.150324611236101e-13  | 0.5797258825375093 | 1.573760997219953e-05  |
| 1.7375 | 0.5755395683453246 | 0.5755395683458392  | 5.145883719137601e-13  | 0.5755550306135362 | 1.5462268211585695e-05 |
|  1.75  | 0.5714285714285723 | 0.5714285714290863  | 5.140332604014475e-13  | 0.5714437572641472 | 1.5185835574915707e-05 |
| 1.7625 | 0.5673758865248235 |  0.567375886525337  | 5.134781488891349e-13  | 0.5673907951465587 | 1.4908621735143512e-05 |
| 1.775  | 0.5633802816901418 | 0.5633802816906545  | 5.127009927718973e-13  | 0.563394912610113  | 1.4630919971225786e-05 |
| 1.7875 | 0.5594405594405604 | 0.5594405594410723  | 5.119238366546597e-13  | 0.5594549124484645 | 1.4353007904088777e-05 |
|  1.8   | 0.5555555555555565 | 0.5555555555560676  | 5.111466805374221e-13  |  0.55556963070375  | 1.4075148193515297e-05 |
| 1.8125 | 0.5517241379310354 | 0.5517241379315456  | 5.102585021177219e-13  | 0.5517379355202356 | 1.3797589200281735e-05 |
| 1.825  | 0.5479452054794529 | 0.5479452054799623  | 5.093703236980218e-13  | 0.5479587260450683 | 1.3520565615432467e-05 |
| 1.8375 | 0.5442176870748308 | 0.5442176870753391  | 5.083711229758592e-13  | 0.5442309313738884 | 1.3244299057690867e-05 |
|  1.85  | 0.5405405405405415 | 0.5405405405410487  |  5.07260899951234e-13  | 0.5405535095391837 | 1.2968998642226559e-05 |
| 1.8625 | 0.5369127516778532 | 0.5369127516783594  | 5.061506769266089e-13  | 0.5369254465393752 | 1.2694861522000167e-05 |
| 1.875  | 0.5333333333333342 | 0.5333333333338393  | 5.050404539019837e-13  | 0.5333457554067368 | 1.242207340257373e-05  |
| 1.8875 | 0.5298013245033122 |  0.529801324503816  |  5.03819208574896e-13  | 0.5298134753123458 | 1.2150809033606436e-05 |
|  1.9   | 0.5263157894736851 | 0.5263157894741878  | 5.027089855502709e-13  | 0.5263276707063623 | 1.1881232677257714e-05 |
| 1.9125 | 0.522875816993465  | 0.5228758169939663  | 5.013767179207207e-13  | 0.5228874304920192 | 1.1613498554274848e-05 |
| 1.925  | 0.5194805194805203 | 0.5194805194810205  |  5.00155472593633e-13  | 0.5194918672317923 | 1.1347751271983952e-05 |
| 1.9375 | 0.5161290322580654 | 0.5161290322585642  | 4.988232049640828e-13  | 0.5161401163842959 | 1.1084126230520575e-05 |
|  1.95  | 0.5128205128205137 | 0.5128205128210112  | 4.974909373345326e-13  | 0.5128313355705271 | 1.0822750013406157e-05 |
| 1.9625 | 0.5095541401273894 | 0.5095541401278855  | 4.960476474025199e-13  | 0.509564703868149  | 1.0563740759583773e-05 |
| 1.975  | 0.5063291139240516 | 0.5063291139245462  | 4.946043574705072e-13  | 0.506339421132572  | 1.030720852046585e-05  |
| 1.9875 | 0.5031446540880512 | 0.5031446540885444  | 4.931610675384945e-13  | 0.5031547073436525 | 1.0053255601327749e-05 |
|  2.0   | 0.5000000000000009 | 0.5000000000004926  | 4.917177776064818e-13  | 0.500009801976889  | 9.801976888157427e-06  |
| 2.0125 | 0.496894409937889  | 0.49689440993837924 | 4.902189765232379e-13  | 0.4969039633980509 | 9.553460161848548e-06  |
+--------+--------------------+---------------------+------------------------+--------------------+------------------------+
RKF45 global err: 3.572059315004594e-11
Euler global err: 0.0012829516288189735