h = 0.1
+-----+--------------------+--------------------+------------------------+--------------------+-----------------------+
|  t  |    Exact value     |       RKF45        |       RKF45 err        |   Euler's method   |  Euler's method err   |
+-----+--------------------+--------------------+------------------------+--------------------+-----------------------+
| 1.0 |        1.0         |        1.0         |          0.0           |        1.0         |          0.0          |
| 1.1 | 0.9090909090909091 | 0.9090909103954291 | 1.3045200475403362e-09 | 0.9099999999999999 | 0.0009090909090908594 |
| 1.2 | 0.8333333333333333 | 0.8333333410740418 | 7.740708518610973e-09  | 0.834709125442739  | 0.001375792109405749  |
| 1.3 | 0.769230769230769  | 0.7692307806021708 | 1.1371401709148188e-08 | 0.7708063655271175 | 0.0015755962963484027 |
| 1.4 | 0.7142857142857141 | 0.7142857277107874 | 1.3425073275286081e-08 | 0.7158987095779135 | 0.0016129952921993818 |
| 1.5 | 0.6666666666666665 | 0.6666666812064076 | 1.4539741077790325e-08 | 0.6682194413173079 | 0.0015527746506414086 |
| 1.6 | 0.6249999999999998 | 0.625000015068709  | 1.5068709169341332e-08 | 0.6264363458843467 | 0.0014363458843469346 |
| 1.7 | 0.5882352941176469 | 0.5882353093370457 | 1.5219398852295285e-08 | 0.5895260038964957 | 0.0012907097788488198 |
| 1.8 | 0.5555555555555554 | 0.5555555706758482 | 1.5120292795600676e-08 | 0.5566891641421717 | 0.0011336085866163748 |
| 1.9 | 0.526315789473684  | 0.5263158043286036 | 1.4854919627715901e-08 | 0.5272924120227146 | 0.0009766225490306368 |
| 2.0 | 0.4999999999999998 | 0.5000000144799004 | 1.4479900611874541e-08 | 0.5008271149717587 | 0.0008271149717589132 |
+-----+--------------------+--------------------+------------------------+--------------------+-----------------------+


h = 0.05
+-----+--------------------+--------------------+------------------------+--------------------+------------------------+
|  t  |    Exact value     |       RKF45        |       RKF45 err        |   Euler's method   |   Euler's method err   |
+-----+--------------------+--------------------+------------------------+--------------------+------------------------+
| 1.0 |        1.0         |        1.0         |          0.0           |        1.0         |          0.0           |
| 1.1 | 0.9090909090909091 | 0.9090909092230726 | 1.3216350236433527e-10 | 0.909296988659755  | 0.00020607956884588496 |
| 1.2 | 0.8333333333333333 | 0.8333333336279406 | 2.9460733852459953e-10 | 0.8336447823724864 | 0.00031144903915314437 |
| 1.3 | 0.769230769230769  | 0.7692307696163557 | 3.8558667370125477e-10 | 0.7695866514474522 | 0.00035588221668314546 |
| 1.4 | 0.7142857142857141 | 0.7142857147221717 | 4.3645764780109175e-10 | 0.7146488902413343 | 0.00036317595562018745 |
| 1.5 | 0.6666666666666665 | 0.6666666671301543 | 4.634878036924306e-10  | 0.667014811881098  | 0.0003481452144314945  |
| 1.6 | 0.6249999999999998 | 0.6250000004756532 | 4.756534055516681e-10  | 0.6253202922042894 | 0.00032029220428964056 |
| 1.7 | 0.5882352941176469 | 0.5882352945958439 | 4.781970375233868e-10  | 0.5885211233717113 | 0.00028582925406439585 |
| 1.8 | 0.5555555555555554 | 0.5555555560299045 | 4.743491155423385e-10  | 0.555804402009977  | 0.00024884645442169173 |
| 1.9 | 0.526315789473684  | 0.5263157899398864 | 4.662024100099416e-10  | 0.5265278056812706 | 0.00021201620758659612 |
| 2.0 | 0.4999999999999998 | 0.5000000004551748 | 4.5517500879554973e-10 | 0.5001770374899122 | 0.00017703748991237944 |
+-----+--------------------+--------------------+------------------------+--------------------+------------------------+


h = 0.025
+-----+--------------------+--------------------+------------------------+--------------------+-----------------------+
|  t  |    Exact value     |       RKF45        |       RKF45 err        |   Euler's method   |  Euler's method err   |
+-----+--------------------+--------------------+------------------------+--------------------+-----------------------+
| 1.0 |        1.0         |        1.0         |          0.0           |        1.0         |          0.0          |
| 1.1 | 0.9090909090909094 | 0.9090909090991295 | 8.220091274324659e-12  | 0.9091399372700221 | 4.902817911267565e-05 |
| 1.2 | 0.8333333333333338 | 0.8333333333460126 | 1.2678746941219288e-11 | 0.8334073857939172 | 7.405246058334036e-05 |
| 1.3 | 0.7692307692307698 | 0.7692307692459308 | 1.5160983579676213e-11 | 0.7693152943395679 | 8.452510879808361e-05 |
| 1.4 | 0.714285714285715  | 0.7142857143022479 | 1.653288617120552e-11  | 0.7143718331415433 | 8.611885582832102e-05 |
| 1.5 | 0.6666666666666674 | 0.6666666666839106 | 1.7243206862360694e-11 | 0.6667490410301061 | 8.237436343871973e-05 |
| 1.6 | 0.6250000000000009 | 0.6250000000175392 | 1.753830414230606e-11  | 0.6250755673192498 | 7.556731924895921e-05 |
| 1.7 | 0.588235294117648  | 0.5882352941352099 | 1.7561951892730576e-11 | 0.5883024820313982 | 6.718791375026623e-05 |
| 1.8 | 0.5555555555555565 | 0.555555555572959  | 1.7402523866394404e-11 | 0.5556137739153012 | 5.821835974473277e-05 |
| 1.9 | 0.5263157894736851 | 0.526315789490802  | 1.7116974504460813e-11 | 0.5263650902501019 | 4.93007764168496e-05  |
| 2.0 | 0.5000000000000009 | 0.5000000000167453 | 1.674438365739661e-11  | 0.5000408433144072 | 4.084331440634692e-05 |
+-----+--------------------+--------------------+------------------------+--------------------+-----------------------+


h = 0.0125
+-----+--------------------+--------------------+-----------------------+--------------------+------------------------+
|  t  |    Exact value     |       RKF45        |       RKF45 err       |   Euler's method   |   Euler's method err   |
+-----+--------------------+--------------------+-----------------------+--------------------+------------------------+
| 1.0 |        1.0         |        1.0         |          0.0          |        1.0         |          0.0           |
| 1.1 | 0.9090909090909094 | 0.9090909090911512 | 2.418065747633591e-13 | 0.9091028646757606 | 1.1955584851230938e-05 |
| 1.2 | 0.8333333333333338 | 0.833333333333707  | 3.731459585765151e-13 | 0.8333513860137096 | 1.8052680375801877e-05 |
| 1.3 | 0.7692307692307698 | 0.769230769231216  | 4.461986335968504e-13 | 0.7692513637847261 | 2.0594553956310158e-05 |
| 1.4 | 0.714285714285715  | 0.7142857142862014 | 4.863887070882811e-13 | 0.7143066800928198 | 2.096580710486684e-05  |
| 1.5 | 0.6666666666666674 | 0.6666666666671744 | 5.07038855346309e-13  | 0.666686698505418  | 2.0031838750544928e-05 |
| 1.6 | 0.6250000000000009 | 0.6250000000005163 | 5.153655280309977e-13 | 0.6250183494864002 | 1.834948639933831e-05  |
| 1.7 | 0.588235294117648  | 0.5882352941181638 | 5.158096172408477e-13 | 0.5882515778131556 | 1.6283695507657292e-05 |
| 1.8 | 0.5555555555555565 | 0.5555555555560676 | 5.111466805374221e-13 |  0.55556963070375  | 1.4075148193515297e-05 |
| 1.9 | 0.5263157894736851 | 0.5263157894741878 | 5.027089855502709e-13 | 0.5263276707063623 | 1.1881232677257714e-05 |
| 2.0 | 0.5000000000000009 | 0.5000000000004926 | 4.917177776064818e-13 | 0.500009801976889  | 9.801976888157427e-06  |
+-----+--------------------+--------------------+-----------------------+--------------------+------------------------+


+--------+------------------------+------------------------+------------------------+-----------------------+
|   h    |    RKF45 local err     |    Euler local err     |    RKF45 global err    |   Euler global err    |
+--------+------------------------+------------------------+------------------------+-----------------------+
|  0.1   | 1.3045200475403362e-09 | 0.0009090909090908594  | 1.2312466568520364e-07 |  0.01269065102828748  |
|  0.05  | 6.143863195973154e-12  | 0.00011904761904757422 | 7.864453088757273e-09  | 0.005607481902541678  |
| 0.025  | 2.5673907444456745e-12 | 1.5243902439010526e-05 | 6.032587762661024e-10  | 0.0026305584190569054 |
| 0.0125 | 3.930189507173054e-14  | 1.9290123456361385e-06 | 3.572059315004594e-11  | 0.0012829516288189735 |
+--------+------------------------+------------------------+------------------------+-----------------------+
